200
0 840 789 884 967 303 873 864 314 763 689 593 627 112 608 352 442 544 700 816 609 496 945 450 262 265 644 949 961 150 181 890 801 321 712 698 113 671 167 234 279 242 853 482 566 330 650 450 690 685 940 392 515 904 542 911 827 568 280 433 511 570 613 108 542 415 956 425 277 302 689 545 983 395 334 612 505 865 232 331 253 461 967 647 986 267 109 853 718 1000 335 603 826 721 472 385 778 738 384 867 309 264 685 183 464 519 651 437 221 377 586 865 784 137 289 261 116 486 577 213 681 567 148 482 673 445 200 774 758 859 683 922 619 631 228 728 402 483 955 438 191 350 825 433 649 321 766 342 226 286 960 290 158 167 740 717 917 447 259 953 181 714 161 385 903 917 965 522 291 825 993 994 349 786 386 923 815 992 614 954 764 975 237 634 129 103 733 215 613 214 323 533 767 620 771 165 994 724 596 431
840 0 938 707 422 700 254 459 976 458 590 126 431 449 593 633 646 441 608 421 312 698 306 745 652 556 381 996 792 501 558 975 749 104 657 440 492 216 522 854 609 143 256 441 766 730 467 227 686 339 844 976 751 871 603 135 830 865 182 552 556 805 460 558 893 570 598 358 597 148 774 231 131 836 464 399 705 327 299 285 663 872 745 538 436 228 581 680 307 281 805 582 691 945 574 867 110 782 138 774 985 642 804 971 478 575 862 867 851 1000 148 155 323 437 934 228 479 410 240 377 207 454 960 884 261 702 867 951 524 818 832 202 384 135 546 896 474 567 223 446 326 199 414 967 446 534 373 820 930 234 994 673 108 244 905 523 700 529 443 342 683 950 869 712 915 674 272 169 625 538 751 614 178 520 198 423 685 624 656 635 694 294 262 479 462 914 385 423 378 146 764 829 893 473 706 290 143 425 516 164
789 938 0 163 223 267 490 313 274 882 490 894 904 297 269 975 667 475 616 699 969 848 446 752 874 206 749 772 187 925 876 717 511 924 975 994 788 115 974 154 164 258 343 262 853 737 224 300 444 737 577 268 415 446 173 571 343 916 218 433 268 973 362 380 916 596 480 295 118 217 862 903 112 132 173 294 248 376 642 561 365 623 582 117 382 523 847 633 177 670 355 457 908 807 579 377 170 746 528 641 206 789 494 840 937 497 223 144 933 838 432 689 770 269 968 794 917 346 769 171 285 849 473 385 168 211 484 542 834 126 269 174 670 165 266 667 170 477 785 585 916 789 277 550 411 467 942 409 129 903 812 875 636 493 924 984 908 804 911 148 997 311 413 571 182 386 941 388 720 207 847 937 766 384 418 127 327 633 580 387 904 970 500 112 246 872 740 177 689 563 672 417 626 715 680 760 565 270 794 738
884 707 163 0 544 201 918 692 716 571 471 759 234 387 510 450 923 221 686 332 112 855 989 660 467 802 410 163 866 219 412 329 277 113 974 482 336 738 119 516 992 653 135 441 671 579 854 299 933 355 404 504 135 367 168 271 681 727 757 562 219 305 565 134 435 511 472 988 586 295 714 670 204 263 737 160 572 884 786 581 147 783 720 430 665 836 113 153 295 290 601 200 554 951 509 706 620 185 423 816 371 318 335 587 179 452 881 285 306 683 847 769 615 419 778 742 101 254 755 936 153 559 800 462 382 327 664 752 250 706 921 586 822 534 496 104 706 668 103 775 518 250 505 587 885 927 196 695 845 190 120 388 792 753 301 856 484 957 421 786 248 282 485 276 633 239 274 773 296 895 143 826 306 533 362 338 561 531 198 181 837 480 350 650 958 800 512 888 641 376 988 869 466 343 997 675 884 604 539 542
967 422 223 544 0 542 111 284 472 242 252 372 858 973 723 103 180 626 307 342 398 599 504 662 151 702 222 402 614 806 964 702 178 162 271 920 639 907 834 508 897 753 854 198 972 597 652 246 853 882 188 136 534 767 626 263 400 901 678 720 375 305 632 844 587 498 744 456 712 886 167 722 410 150 214 430 529 408 250 328 579 838 962 226 111 746 529 166 472 695 716 722 291 240 881 411 881 348 480 217 621 873 904 462 944 169 242 708 857 808 482 711 813 915 183 370 758 769 399 640 398 805 283 110 123 586 693 885 301 703 248 940 833 855 366 579 710 598 691 584 631 336 248 691 648 602 414 906 951 308 439 387 580 732 152 749 823 465 364 774 473 391 574 976 111 272 727 522 417 991 753 837 243 280 229 382 958 385 191 670 100 144 161 982 454 398 535 461 755 751 803 402 303 969 972 534 386 592 986 968
303 700 267 201 542 0 734 298 414 533 274 595 175 167 342 464 721 139 700 591 483 923 826 549 374 309 317 643 247 521 774 268 165 195 610 125 364 384 181 234 544 791 944 623 390 148 509 132 572 894 514 476 463 197 291 467 838 700 911 530 803 587 286 770 643 351 244 641 175 467 296 324 971 458 363 175 685 180 448 226 416 631 908 430 532 547 826 258 914 343 179 145 165 411 220 726 321 206 607 226 822 370 690 658 596 360 280 432 152 255 670 762 902 546 492 949 294 839 416 686 260 166 867 488 987 452 177 172 529 129 425 296 835 592 225 104 655 297 877 709 959 320 828 612 389 942 242 649 271 885 317 381 355 227 628 285 430 709 827 526 309 779 929 637 446 898 670 273 366 771 461 660 771 938 100 787 232 541 202 370 673 653 445 483 646 442 194 403 374 846 621 536 460 307 348 809 675 876 633 236
873 254 490 918 111 734 0 629 453 579 212 132 260 522 518 727 252 593 996 515 752 249 372 110 813 606 410 958 684 161 610 450 745 447 284 583 899 307 214 532 993 556 190 442 209 105 180 465 531 970 275 956 315 239 471 453 351 969 734 931 897 288 719 736 561 671 611 287 344 713 287 673 135 117 821 598 193 822 946 448 102 406 876 477 630 717 481 883 349 953 743 915 195 965 863 552 827 505 826 684 254 848 120 733 754 690 434 774 566 135 213 417 932 580 975 483 535 407 735 142 207 840 681 107 582 807 951 366 167 482 685 868 688 870 839 865 371 928 274 768 321 131 324 172 812 881 276 803 196 655 894 875 740 787 462 664 552 146 203 736 458 737 407 502 664 846 991 903 283 265 415 809 587 655 987 316 145 200 989 879 170 149 358 191 599 741 746 412 480 411 138 292 978 696 609 415 323 338 615 939
864 459 313 692 284 298 629 0 124 981 406 569 644 693 379 947 943 933 919 797 362 440 776 418 598 899 732 108 863 611 296 563 145 550 465 836 805 750 938 119 970 663 897 429 399 923 325 344 716 824 794 487 556 306 600 112 904 614 342 595 188 694 203 152 211 327 990 591 395 761 847 653 210 212 906 335 377 203 180 320 512 847 960 558 144 773 736 762 426 236 238 465 705 317 402 879 686 855 557 697 191 390 918 431 616 370 993 106 911 835 972 135 854 317 473 628 443 453 178 805 782 736 564 506 392 142 815 466 240 249 245 466 184 954 880 388 443 385 982 659 307 642 771 408 213 113 666 557 586 749 824 997 479 203 226 547 273 623 492 204 231 324 921 167 689 285 643 749 299 819 732 916 443 697 605 949 865 178 528 739 365 857 100 741 637 898 917 490 517 475 953 509 308 376 566 239 577 941 890 189
314 976 274 716 472 414 453 124 0 925 258 180 313 718 945 262 707 814 599 387 715 703 711 774 318 174 838 327 384 607 648 311 813 781 639 389 565 514 822 883 900 324 183 725 444 347 886 913 135 469 807 903 193 101 587 901 408 646 239 877 200 199 650 673 216 155 586 472 726 332 938 730 326 853 732 582 312 397 476 513 115 735 110 418 239 525 711 355 639 510 957 246 410 948 750 418 615 633 215 456 309 567 130 551 978 443 317 410 926 941 686 905 898 661 378 579 107 805 919 982 553 210 146 694 287 358 693 405 985 613 887 396 864 352 717 765 937 903 575 266 136 827 287 326 688 132 420 633 946 191 711 766 729 905 687 375 297 892 380 539 920 284 383 865 986 110 921 924 591 912 512 549 856 120 492 679 189 520 618 816 836 413 726 554 865 294 555 349 606 357 227 553 515 775 949 902 337 954 807 163
763 458 882 571 242 533 579 981 925 0 924 781 758 512 256 566 543 785 593 881 366 805 535 458 648 512 162 229 538 149 618 333 239 609 829 992 252 156 924 624 231 661 179 893 390 549 280 251 337 165 179 147 523 439 380 818 261 681 985 810 497 350 672 117 206 981 859 262 547 667 207 288 747 747 118 871 341 495 914 445 843 360 765 441 617 268 585 753 721 710 258 149 354 869 584 380 187 511 916 372 419 184 190 278 195 324 445 622 449 896 835 307 557 119 404 974 512 515 475 544 906 768 976 540 131 866 988 447 160 302 392 286 388 137 152 449 351 296 367 400 528 113 285 284 522 996 978 632 849 566 945 997 470 298 914 423 402 585 912 340 537 243 320 628 430 528 844 599 370 364 476 643 225 951 818 121 767 812 410 606 277 293 108 584 938 356 486 833 149 554 414 675 270 603 745 610 787 508 742 336
689 590 490 471 252 274 212 406 258 924 0 347 340 789 733 103 541 932 267 790 517 462 215 487 310 982 303 115 626 120 195 174 982 174 795 419 935 141 793 869 739 940 824 580 289 797 141 370 132 297 248 260 215 353 165 336 281 942 325 206 196 252 931 405 937 269 787 805 232 867 941 515 289 126 133 506 936 766 899 986 443 926 157 525 276 646 833 229 398 638 813 354 584 486 718 703 692 914 287 155 761 386 301 354 740 928 446 655 307 639 985 342 439 297 993 129 954 102 121 603 391 651 342 994 567 191 653 548 782 333 686 398 995 855 216 334 170 258 491 615 186 374 940 693 320 146 658 255 976 855 194 112 529 278 183 907 959 710 340 131 694 305 914 752 415 150 620 448 960 475 531 744 137 286 475 567 681 135 293 265 806 235 769 806 737 405 437 731 392 204 717 435 995 310 645 621 599 258 333 587
593 126 894 759 372 595 132 569 180 781 347 0 318 815 276 505 204 863 168 854 718 818 791 533 400 540 946 304 852 782 246 377 479 611 462 327 254 162 546 717 928 823 361 745 190 915 302 613 955 302 590 737 692 572 917 636 707 377 123 439 936 148 351 476 341 698 457 665 850 858 755 236 329 996 684 783 274 931 285 978 786 506 260 542 970 642 873 222 696 577 520 303 527 226 771 770 455 373 161 377 816 914 481 298 340 532 319 193 486 522 422 128 338 554 613 959 135 236 699 377 272 867 659 202 621 813 909 696 331 712 322 244 665 218 501 425 318 409 828 945 268 382 605 717 658 300 736 828 539 542 994 536 651 400 597 372 407 219 509 291 533 357 729 550 201 980 525 326 761 512 519 775 612 901 217 989 392 907 924 363 314 193 383 237 276 773 320 358 393 586 495 794 496 573 304 187 680 371 651 409
627 431 904 234 858 175 260 644 313 758 340 318 0 725 156 685 514 156 458 514 558 307 527 563 472 537 363 459 385 636 658 277 457 119 126 810 469 266 843 562 922 445 797 393 591 539 875 286 228 370 990 794 627 445 842 997 281 973 835 127 416 246 474 848 644 483 761 527 941 883 918 995 192 165 851 891 395 475 405 480 958 883 472 534 300 867 692 165 427 332 564 181 641 980 183 981 762 675 363 823 674 789 193 831 541 463 871 819 168 721 207 453 733 828 493 817 967 294 521 294 202 322 771 682 499 489 702 143 828 591 795 541 373 536 294 914 496 167 289 523 889 528 858 481 848 870 938 479 405 319 104 414 577 574 553 950 239 845 249 324 192 619 562 476 693 620 778 705 882 388 766 166 825 634 634 794 858 313 535 791 582 746 233 400 645 464 376 851 556 995 501 325 945 258 592 773 493 514 697 874
112 449 297 387 973 167 522 693 718 512 789 815 725 0 994 291 672 663 287 986 972 767 141 327 203 364 324 815 778 155 404 674 650 719 331 793 249 870 540 849 432 163 118 569 199 839 464 203 175 689 949 361 649 395 959 125 958 360 681 666 197 755 940 432 158 163 214 550 120 320 326 315 304 677 660 458 574 809 510 931 101 289 183 726 379 333 578 228 132 955 817 496 273 347 606 167 965 450 744 697 933 233 633 339 728 826 857 468 409 882 265 113 669 545 885 314 906 467 737 966 539 341 363 992 525 484 363 379 447 612 504 389 261 290 925 394 732 607 866 511 699 635 206 823 441 615 593 105 931 587 928 634 798 568 732 294 526 402 487 492 408 310 521 511 544 219 263 338 276 750 245 291 358 582 412 928 248 210 391 486 325 343 605 734 755 136 900 715 277 751 764 396 815 897 943 120 872 332 275 384
608 593 269 510 723 342 518 379 945 256 733 276 156 994 0 200 793 640 480 706 730 140 880 235 102 126 660 990 241 881 259 368 447 996 195 899 791 287 644 163 950 932 873 563 954 201 462 903 890 357 409 324 208 581 521 164 102 530 756 118 747 297 793 140 706 735 157 229 502 563 235 261 842 212 830 192 108 441 885 922 185 816 224 220 964 481 308 328 257 811 668 928 704 755 172 549 434 230 376 873 976 193 657 819 843 419 611 259 670 657 255 579 962 792 925 748 540 489 664 817 182 596 733 756 778 452 696 120 915 812 574 226 559 777 561 512 237 799 930 955 589 825 192 595 501 763 605 533 114 815 315 699 378 764 510 400 170 601 580 301 728 336 576 162 650 141 549 973 699 563 603 165 458 217 539 134 391 900 915 793 377 407 257 283 266 533 348 196 264 791 990 531 594 246 264 714 977 832 393 290
352 633 975 450 103 464 727 947 262 566 103 505 685 291 200 0 356 737 571 590 488 894 495 267 131 446 467 401 300 493 741 655 886 991 280 459 550 480 373 711 767 242 942 223 107 274 714 708 196 831 912 752 859 284 415 334 826 618 789 556 241 168 492 483 865 157 732 871 891 890 561 396 926 977 568 311 951 194 650 964 675 101 327 934 216 823 244 181 886 881 254 409 417 309 251 263 895 204 410 256 774 152 982 159 130 446 114 947 229 700 343 492 943 636 474 655 887 219 103 897 414 414 482 357 155 924 738 326 464 316 456 336 168 889 343 179 574 314 441 182 753 937 157 313 580 933 934 628 447 688 245 394 988 302 974 259 205 757 178 774 335 872 972 459 887 102 855 267 153 939 467 887 606 722 861 890 523 359 736 261 680 661 833 773 932 854 331 538 337 974 608 484 351 568 481 461 164 761 888 303
442 646 667 923 180 721 252 943 707 543 541 204 514 672 793 356 0 154 472 187 856 285 908 529 341 664 430 531 352 456 714 767 274 343 586 616 985 977 813 953 440 691 102 412 478 405 221 279 350 890 117 651 947 454 532 265 261 690 947 386 956 104 930 952 248 543 233 174 937 515 987 447 633 244 448 804 310 699 672 561 229 722 163 635 102 933 685 914 182 839 706 912 317 810 568 431 472 218 397 534 827 274 831 197 392 801 269 340 676 657 987 914 378 539 794 374 782 523 350 148 407 447 346 543 380 507 908 666 908 845 109 747 733 287 751 992 226 561 282 134 430 196 916 594 820 546 989 585 827 400 911 368 442 729 342 167 491 474 359 228 513 609 366 259 917 898 986 444 534 522 765 160 156 773 872 825 614 880 167 205 146 265 492 280 291 578 661 891 504 686 135 194 836 658 922 990 376 811 474 148
544 441 475 221 626 139 593 933 814 785 932 863 156 663 640 737 154 0 938 775 521 670 707 376 637 233 349 892 838 794 204 358 464 457 748 511 290 610 859 158 101 378 973 864 863 578 967 838 370 284 621 515 969 931 535 669 860 425 146 889 606 722 806 803 293 285 813 941 721 856 149 401 795 490 811 157 179 131 501 659 569 569 890 487 268 371 319 109 286 928 511 805 127 243 732 704 344 422 902 802 490 510 438 645 442 649 897 895 706 610 779 444 676 272 432 246 123 346 604 398 401 946 767 577 135 958 856 609 550 123 168 807 879 365 641 267 156 507 740 968 263 616 540 506 407 542 204 330 896 446 989 307 423 454 175 992 614 745 726 973 729 536 557 135 213 596 649 657 766 844 889 877 297 976 607 846 418 387 430 398 364 248 304 537 452 419 720 626 293 822 917 714 713 380 764 411 912 219 264 915
700 608 616 686 307 700 996 919 599 593 267 168 458 287 480 571 472 938 0 525 401 987 532 222 638 954 110 942 403 571 842 778 577 543 985 644 210 288 241 497 649 352 227 836 461 882 485 784 165 456 527 336 550 362 743 618 759 683 224 518 302 598 652 707 154 457 453 204 850 636 415 889 729 395 285 421 674 887 477 975 102 778 620 945 122 412 238 955 562 328 712 859 915 765 943 312 128 864 649 897 327 822 532 408 546 264 934 120 663 419 487 195 409 192 197 910 795 218 313 909 940 118 336 645 298 717 841 377 979 388 815 117 120 924 977 311 195 526 371 781 364 331 877 494 376 678 101 767 456 326 362 991 235 199 367 283 642 311 620 405 265 208 771 390 525 561 793 633 829 960 293 584 213 611 984 943 755 960 386 332 930 864 613 268 454 632 381 817 541 582 134 721 337 905 762 940 562 228 385 604
816 421 699 332 342 591 515 797 387 881 790 854 514 986 706 590 187 775 525 0 994 524 865 924 734 498 653 206 368 461 311 600 614 786 780 707 956 530 350 141 178 338 546 936 924 451 383 839 672 781 207 647 241 618 367 560 482 455 111 893 785 289 402 487 665 710 911 233 175 959 384 603 353 700 516 114 293 826 785 520 511 268 963 676 251 979 206 104 614 836 532 593 836 727 436 598 968 531 172 168 921 391 341 106 265 381 630 197 953 452 882 795 980 299 422 663 137 328 762 345 567 773 470 806 250 800 929 428 924 157 405 508 401 694 290 762 785 337 286 138 401 230 198 168 676 706 136 593 675 142 336 847 583 645 873 707 718 294 518 752 136 592 866 675 714 480 627 270 746 754 629 161 527 279 333 911 851 407 908 948 901 530 494 835 493 894 428 223 117 428 433 824 105 708 158 742 940 594 289 566
609 312 969 112 398 483 752 362 715 366 517 718 558 972 730 488 856 521 401 994 0 640 276 499 906 624 106 737 693 965 923 823 857 136 725 694 989 805 571 803 549 745 615 552 666 149 327 921 377 728 707 812 698 329 489 624 250 466 700 103 959 970 320 192 576 203 671 123 418 897 324 204 332 665 323 129 278 433 276 505 679 354 951 932 123 991 905 674 470 387 783 609 732 983 561 568 435 840 156 675 756 555 529 183 989 163 383 222 778 295 676 631 304 629 501 231 520 744 135 842 608 417 482 273 452 433 680 704 804 869 394 327 844 676 975 249 655 873 986 198 864 358 159 686 633 243 744 613 733 783 642 234 306 845 425 515 134 873 932 913 194 403 240 134 592 865 883 535 653 474 762 404 116 244 796 543 595 805 932 657 277 909 574 500 951 533 971 872 925 547 539 290 121 805 339 508 918 554 371 940
496 698 848 855 599 923 249 440 703 805 462 818 307 767 140 894 285 670 987 524 640 0 460 548 126 229 462 690 582 901 964 498 416 892 417 199 199 675 500 876 273 822 203 344 331 618 540 554 307 717 473 802 636 976 864 440 384 161 825 153 829 128 236 261 983 733 297 640 444 334 429 234 291 475 787 492 441 936 428 745 587 991 434 431 741 100 262 398 360 646 906 452 309 154 821 636 113 815 483 307 482 848 711 592 912 533 448 645 734 718 685 893 694 314 327 520 362 652 612 356 107 605 166 437 833 792 799 556 920 472 103 203 257 202 455 643 960 621 805 513 867 884 246 605 330 514 918 636 101 173 838 627 321 839 775 779 775 803 766 678 482 217 156 773 724 740 533 928 589 494 590 623 773 122 773 557 210 321 228 802 635 169 883 227 863 414 115 947 981 295 786 497 393 754 364 214 832 749 388 823
945 306 446 989 504 826 372 776 711 535 215 791 527 141 880 495 908 707 532 865 276 460 0 678 438 618 314 835 502 843 170 354 976 712 468 246 983 875 300 684 983 964 199 309 771 562 127 912 998 559 788 956 856 648 711 981 591 393 380 400 805 881 712 996 102 937 129 273 515 554 452 386 847 460 298 414 500 919 457 219 545 973 531 416 538 135 808 548 393 524 174 108 688 117 319 947 1000 425 153 819 375 878 846 519 520 266 244 179 514 751 762 449 467 221 469 136 753 817 393 564 347 252 590 768 178 940 714 694 992 981 555 433 384 461 295 657 655 803 267 579 685 924 778 269 744 836 431 110 532 177 372 540 631 396 618 861 346 180 310 777 401 739 269 871 213 1000 127 270 676 827 933 170 987 664 712 249 788 974 592 738 535 951 869 833 951 563 126 403 398 320 285 704 652 303 885 286 700 123 355 161
450 745 752 660 662 549 110 418 774 458 487 533 563 327 235 267 529 376 222 924 499 548 678 0 286 287 377 929 727 139 148 317 464 143 294 712 181 957 326 614 274 512 623 734 721 297 954 478 447 706 656 872 136 491 558 182 310 274 454 860 968 107 895 950 900 382 479 766 781 860 633 157 764 993 346 217 500 201 623 119 523 892 970 568 377 280 861 564 112 448 127 288 458 381 501 655 228 630 540 511 780 790 345 547 520 731 380 339 958 839 118 919 475 980 351 869 481 431 216 989 650 992 298 768 991 335 870 811 326 251 668 991 435 700 567 745 725 129 532 612 573 372 413 213 425 332 497 385 708 240 390 405 681 137 421 453 985 120 439 447 380 175 439 214 587 301 370 585 583 117 482 281 344 738 988 697 908 876 749 693 195 523 657 640 132 738 885 773 371 625 865 494 634 433 329 811 202 887 303 367
262 652 874 467 151 374 813 598 318 648 310 400 472 203 102 131 341 637 638 734 906 126 438 286 0 414 380 925 281 964 649 244 930 144 226 183 107 980 511 139 435 193 168 131 973 398 968 854 404 557 467 887 657 141 930 292 244 993 741 134 758 513 378 620 737 384 889 925 418 342 312 318 919 862 591 166 845 838 918 453 459 291 884 375 196 932 755 485 913 651 996 488 963 445 264 841 738 521 317 704 200 188 822 620 601 409 335 709 569 121 536 101 122 128 277 702 311 833 245 791 803 815 188 517 998 427 274 237 686 896 855 286 358 917 964 282 268 505 280 858 860 880 420 634 547 858 913 200 882 213 607 202 553 772 418 187 604 961 508 459 293 975 705 610 125 357 286 440 703 508 951 472 280 276 143 385 583 934 950 583 771 684 957 422 113 639 196 607 319 180 821 938 203 187 594 496 141 434 424 380
265 556 206 802 702 309 606 899 174 512 982 540 537 364 126 446 664 233 954 498 624 229 618 287 414 0 100 270 548 369 837 220 591 493 597 502 311 483 568 769 867 719 576 808 179 648 861 413 465 468 347 900 465 355 830 434 501 360 997 157 201 923 563 785 735 639 867 104 432 568 580 866 779 126 404 856 425 987 803 775 243 652 936 824 179 730 271 583 290 526 948 904 460 350 163 490 621 206 637 602 797 766 816 102 781 382 989 736 780 961 309 928 805 405 303 262 798 259 630 905 366 462 800 834 504 730 481 366 582 532 894 490 399 365 697 558 509 134 209 997 369 503 645 464 110 358 322 446 140 351 716 697 502 603 254 355 707 568 289 642 365 152 228 866 519 817 927 529 944 156 780 733 129 230 511 257 456 642 552 134 373 940 390 227 912 420 606 319 362 128 320 177 642 704 406 967 627 516 629 556
644 381 749 410 222 317 410 732 838 162 303 946 363 324 660 467 430 349 110 653 106 462 314 377 380 100 0 941 362 230 405 238 213 108 152 321 183 634 277 181 566 384 824 464 499 567 823 468 877 571 604 471 386 328 688 146 598 730 286 562 345 305 288 830 275 483 843 692 370 106 770 240 139 270 507 594 702 310 690 227 940 219 355 488 459 761 533 206 193 172 371 890 499 424 690 818 428 561 788 685 338 549 172 105 795 913 831 908 918 657 446 476 299 505 220 770 667 944 381 184 100 775 992 362 735 361 304 587 384 581 387 391 440 270 769 676 617 605 703 868 657 528 516 765 225 376 372 478 739 414 569 930 971 260 564 403 401 371 812 478 229 857 132 319 619 527 651 933 212 425 204 697 861 150 291 831 441 783 337 158 422 569 532 691 605 268 423 136 840 803 718 268 642 940 867 175 973 102 593 718
949 996 772 163 402 643 958 108 327 229 115 304 459 815 990 401 531 892 942 206 737 690 835 929 925 270 941 0 262 840 797 102 202 561 103 295 880 799 784 469 681 620 912 181 793 430 822 887 442 900 968 964 179 631 769 687 900 730 541 553 176 969 971 285 387 208 352 747 752 260 648 725 211 660 138 670 625 466 819 377 563 971 293 991 537 808 843 610 813 560 939 546 924 343 214 355 240 641 245 889 664 944 738 535 839 530 514 743 961 105 626 796 960 475 110 526 341 350 250 849 751 666 693 786 535 617 858 638 962 248 239 716 439 179 704 751 541 319 258 351 380 201 470 833 301 457 451 132 882 911 373 565 154 814 954 693 589 274 137 708 128 741 734 718 933 365 725 633 492 914 367 982 765 762 804 881 623 746 133 671 368 262 609 753 261 993 912 114 340 164 148 689 900 741 513 559 230 558 636 431
961 792 187 866 614 247 684 863 384 538 626 852 385 778 241 300 352 838 403 368 693 582 502 727 281 548 362 262 0 911 655 855 503 298 439 438 120 892 455 384 774 484 836 153 327 117 620 412 809 392 709 609 290 932 887 648 320 388 580 523 383 876 672 619 443 682 484 168 645 542 287 106 606 442 992 976 488 816 540 303 805 255 677 596 388 527 946 790 646 430 540 236 661 665 117 524 184 128 525 417 563 128 704 394 449 102 576 620 937 137 340 886 820 629 515 298 580 580 291 412 752 694 268 460 172 201 910 501 129 792 998 314 938 728 172 255 227 609 790 684 163 259 149 584 726 999 698 502 130 216 453 532 964 122 932 744 926 418 851 622 833 845 991 218 338 732 351 992 268 113 349 957 948 323 687 775 523 815 602 920 923 680 814 561 345 615 423 338 367 296 692 566 993 361 671 497 967 936 208 974
150 501 925 219 806 521 161 611 607 149 120 782 636 155 881 493 456 794 571 461 965 901 843 139 964 369 230 840 911 0 193 494 456 213 633 152 897 873 477 386 806 995 849 494 465 447 220 149 838 836 275 961 191 634 987 638 175 446 502 701 232 593 620 761 992 221 227 297 654 379 859 849 613 795 572 453 254 455 664 802 734 315 805 240 463 501 866 532 619 274 897 955 916 632 611 513 627 739 844 320 990 702 897 703 451 204 650 781 700 372 486 157 844 474 350 823 172 789 918 239 753 847 407 829 899 280 968 214 122 925 181 909 871 646 756 641 134 643 523 535 555 775 911 302 605 698 462 712 437 924 631 931 187 588 701 370 250 713 867 496 633 407 872 280 312 782 728 269 380 637 634 353 950 925 658 958 665 112 335 532 508 979 667 849 560 757 627 920 853 651 953 410 472 983 835 144 612 159 487 168
181 558 876 412 964 774 610 296 648 618 195 246 658 404 259 741 714 204 842 311 923 964 170 148 649 837 405 797 655 193 0 640 326 645 519 196 609 705 162 822 262 650 657 285 234 429 877 980 251 625 960 980 117 792 244 164 334 817 474 790 544 476 290 420 489 536 556 429 143 467 388 490 271 944 239 632 602 565 206 662 541 768 327 397 679 165 748 179 179 459 385 127 145 488 261 847 143 202 722 992 307 134 958 183 725 245 932 681 120 943 148 299 616 461 509 444 536 356 593 940 138 635 818 455 194 452 705 745 633 907 505 208 710 519 482 205 889 670 971 467 441 971 133 692 857 975 995 563 312 428 353 857 800 835 910 165 631 542 309 693 374 865 953 835 401 834 988 899 661 580 683 747 648 432 141 644 121 510 611 349 479 972 195 288 154 544 233 945 917 752 555 975 939 253 536 968 757 677 768 689
890 975 717 329 702 268 450 563 311 333 174 377 277 674 368 655 767 358 778 600 823 498 354 317 244 220 238 102 855 494 640 0 676 235 966 318 438 881 118 716 349 706 553 281 596 288 504 987 173 974 795 542 379 365 895 930 814 719 407 583 740 994 352 714 699 438 310 289 727 833 638 542 544 268 870 764 485 966 969 574 162 462 628 869 391 286 865 744 385 942 488 600 806 833 754 403 367 882 175 328 387 595 837 793 924 291 133 280 620 510 769 952 315 192 792 806 663 213 268 747 183 526 307 581 531 396 918 263 150 758 683 979 391 381 387 362 670 704 823 924 900 426 885 900 199 374 227 911 587 470 205 640 573 986 314 111 353 266 999 607 657 674 475 805 604 695 529 425 679 249 561 465 207 558 711 814 553 632 869 691 486 118 281 531 290 596 945 723 896 125 252 919 527 727 398 909 551 620 222 105
801 749 511 277 178 165 745 145 813 239 982 479 457 650 447 886 274 464 577 614 857 416 976 464 930 591 213 202 503 456 326 676 0 627 895 867 360 729 201 587 813 452 665 709 638 430 990 582 850 190 437 180 606 487 567 321 589 901 602 357 121 776 658 925 955 996 877 670 726 777 183 516 630 998 664 392 881 226 792 241 600 459 560 625 438 591 736 637 628 286 937 417 324 746 939 761 721 777 843 935 488 116 381 373 201 983 127 575 465 127 846 362 867 874 116 290 451 888 767 324 797 177 310 797 251 916 277 967 764 321 122 387 226 990 845 575 116 638 371 625 235 432 336 681 796 299 467 787 334 541 144 692 196 426 953 648 934 691 824 166 358 391 594 877 354 415 632 633 247 138 537 837 164 445 236 328 173 860 617 813 800 971 609 988 156 287 621 976 580 605 245 929 250 596 493 696 112 218 340 269
321 104 924 113 162 195 447 550 781 609 174 611 119 719 996 991 343 457 543 786 136 892 712 143 144 493 108 561 298 213 645 235 627 0 401 187 349 796 445 420 966 863 310 708 437 220 836 591 767 360 942 482 270 329 170 594 176 505 383 547 483 252 537 814 418 306 444 413 426 268 906 776 149 959 230 953 460 910 978 844 816 456 284 359 731 812 335 952 659 768 648 568 989 322 847 412 942 466 156 193 788 353 150 979 850 673 363 164 475 781 907 536 212 539 342 270 926 491 405 483 647 133 561 694 144 290 272 690 157 836 795 832 646 242 843 205 150 421 384 138 841 765 294 475 714 478 944 514 873 545 508 824 782 102 344 535 689 833 679 774 613 792 162 252 947 783 296 505 102 374 715 643 328 264 573 935 688 801 947 389 703 938 366 779 771 438 861 583 885 414 943 154 818 833 158 730 636 364 368 582
712 657 975 974 271 610 284 465 639 829 795 462 126 331 195 280 586 748 985 780 725 417 468 294 226 597 152 103 439 633 519 966 895 401 0 358 305 494 282 468 586 859 603 477 354 421 175 646 818 581 440 849 329 572 640 685 155 799 556 563 332 992 722 675 713 601 140 355 328 631 301 103 490 140 161 332 480 268 353 375 821 658 488 142 836 198 186 489 659 785 990 949 467 750 422 137 693 169 165 220 941 713 621 833 360 743 585 516 925 940 459 440 367 345 893 289 397 720 136 182 848 823 870 934 250 642 272 909 250 373 190 754 691 193 135 475 865 929 178 491 335 402 817 982 576 834 580 801 639 381 271 946 804 286 770 880 423 765 290 107 116 879 578 455 847 171 328 576 694 993 190 649 809 892 665 906 473 348 812 889 563 923 253 635 356 272 462 649 583 124 287 783 680 210 922 443 154 437 797 742
698 440 994 482 920 125 583 836 389 992 419 327 810 793 899 459 616 511 644 707 694 199 246 712 183 502 321 295 438 152 196 318 867 187 358 0 546 387 335 889 542 263 319 289 399 366 402 535 855 583 583 457 752 614 870 981 554 503 145 197 992 231 897 342 471 327 686 564 207 339 300 252 164 840 303 546 536 750 265 145 364 658 129 298 409 191 458 151 527 822 163 905 148 494 722 103 173 665 596 163 295 235 752 628 327 919 884 807 466 430 695 991 756 897 268 825 695 739 327 235 641 986 824 156 432 213 819 670 616 870 855 903 120 852 279 149 605 478 269 950 768 828 428 220 831 779 200 880 206 795 604 899 391 541 589 343 971 687 359 812 811 921 104 211 123 969 709 777 694 131 959 341 673 946 388 216 288 338 457 262 290 372 451 924 974 869 998 433 356 860 303 923 508 837 884 853 704 966 558 503
113 492 788 336 639 364 899 805 565 252 935 254 469 249 791 550 985 290 210 956 989 199 983 181 107 311 183 880 120 897 609 438 360 349 305 546 0 127 969 655 253 178 669 816 724 401 484 377 725 618 634 967 306 453 348 779 760 322 456 775 634 606 846 128 453 548 385 252 760 320 128 574 280 434 220 238 393 673 746 648 692 108 993 377 885 405 621 757 308 149 633 129 180 510 658 387 527 994 720 622 119 347 852 413 882 712 321 700 611 944 439 447 802 906 306 176 770 235 648 365 595 604 855 907 725 321 439 863 386 199 532 746 738 234 204 420 142 381 550 383 774 130 407 560 261 867 274 183 272 877 695 812 585 185 364 922 997 716 137 657 744 766 526 759 439 247 428 586 126 840 973 765 440 429 829 909 393 720 900 312 176 872 276 530 764 526 597 841 467 775 749 436 728 317 144 989 558 514 332 868
671 216 115 738 907 384 307 750 514 156 141 162 266 870 287 480 977 610 288 530 805 675 875 957 980 483 634 799 892 873 705 881 729 796 494 387 127 0 151 962 838 954 253 698 862 490 336 348 173 860 101 109 247 295 601 339 164 802 516 498 440 365 582 677 296 960 551 287 431 539 850 468 445 436 361 272 728 467 360 113 943 490 799 983 649 670 888 999 330 594 350 810 491 833 853 850 214 209 866 320 605 680 403 208 107 118 586 220 703 210 802 400 163 174 666 716 852 399 114 432 111 703 731 589 588 502 869 718 281 959 129 940 614 310 350 638 634 736 142 128 451 895 881 609 342 633 828 315 627 426 526 112 265 111 935 676 369 332 445 798 808 925 774 193 493 473 881 629 880 829 940 585 446 602 117 409 842 506 908 587 527 827 803 943 521 879 276 689 631 773 130 605 718 373 998 851 292 731 699 679
167 522 974 119 834 181 214 938 822 924 793 546 843 540 644 373 813 859 241 350 571 500 300 326 511 568 277 784 455 477 162 118 201 445 282 335 969 151 0 380 917 275 377 350 769 661 876 738 644 100 548 382 858 302 213 651 909 883 124 886 838 195 148 664 868 832 133 610 877 381 645 107 797 754 760 896 354 405 419 144 234 499 870 142 152 186 603 835 193 316 561 946 304 450 676 968 244 487 716 171 212 528 930 720 985 699 225 934 414 179 446 966 916 301 200 461 757 702 671 130 697 461 626 298 404 307 197 135 472 932 522 192 940 357 672 482 638 460 336 817 490 361 490 459 399 312 892 909 954 930 607 229 378 973 653 834 808 691 256 683 933 905 584 913 666 121 844 199 621 441 475 286 456 878 791 678 281 883 836 259 739 548 566 930 869 409 710 282 535 891 525 821 526 154 949 570 562 859 315 672
234 854 154 516 508 234 532 119 883 624 869 717 562 849 163 711 953 158 497 141 803 876 684 614 139 769 181 469 384 386 822 716 587 420 468 889 655 962 380 0 222 376 282 662 237 392 195 904 549 766 545 273 353 503 529 841 399 170 400 710 261 736 614 434 785 920 726 850 944 410 959 220 510 427 987 405 330 685 161 884 758 414 916 655 605 494 102 914 457 804 268 784 981 844 109 403 890 249 122 228 132 103 681 491 535 843 200 289 375 474 295 138 149 565 671 601 712 112 784 688 913 986 882 959 699 911 765 783 466 375 545 881 691 963 510 566 788 785 136 681 199 531 908 180 852 146 137 430 844 259 250 521 161 172 464 517 457 615 137 247 416 453 684 486 590 378 852 949 730 429 966 968 342 347 853 243 707 130 972 292 845 270 266 117 686 860 516 868 409 350 789 786 736 580 155 209 128 614 970 999
279 609 164 992 897 544 993 970 900 231 739 928 922 432 950 767 440 101 649 178 549 273 983 274 435 867 566 681 774 806 262 349 813 966 586 542 253 838 917 222 0 797 864 785 875 412 143 721 386 313 672 979 248 225 811 160 629 384 386 426 856 138 246 349 633 341 718 1000 598 268 370 157 571 564 741 553 903 251 274 541 129 443 491 140 206 740 672 303 184 110 730 164 675 342 343 528 233 947 543 852 592 516 189 241 757 726 419 892 773 108 235 365 821 460 675 110 368 959 807 386 349 774 372 365 761 486 911 220 325 317 933 924 666 137 770 803 982 337 928 895 219 122 358 277 753 361 555 559 136 404 736 140 166 364 997 918 249 401 171 525 824 545 535 182 436 160 751 269 313 135 224 814 779 457 851 195 848 771 963 163 871 559 514 227 311 536 969 536 590 886 812 443 891 287 879 894 931 909 333 355
242 143 258 653 753 791 556 663 324 661 940 823 445 163 932 242 691 378 352 338 745 822 964 512 193 719 384 620 484 995 650 706 452 863 859 263 178 954 275 376 797 0 590 428 631 258 225 282 936 671 732 477 215 518 989 491 223 836 560 893 886 559 246 772 545 190 311 224 324 138 887 442 224 961 289 533 409 274 542 466 712 351 325 436 507 774 731 817 838 967 305 811 190 761 341 646 683 231 906 696 742 721 200 285 596 688 891 826 927 380 277 628 387 783 634 685 552 738 686 975 395 518 774 827 138 235 927 936 511 760 812 119 188 325 351 321 519 596 538 807 173 272 961 320 455 996 314 151 600 103 878 776 903 715 412 344 496 435 213 116 401 412 643 588 976 454 491 278 774 247 709 533 143 507 190 110 998 233 716 958 791 892 306 664 377 631 726 389 318 251 466 359 647 183 435 751 767 762 286 757
853 256 343 135 854 944 190 897 183 179 824 361 797 118 873 942 102 973 227 546 615 203 199 623 168 576 824 912 836 849 657 553 665 310 603 319 669 253 377 282 864 590 0 609 739 814 124 206 329 828 953 585 273 162 872 861 579 386 414 312 520 842 488 155 603 938 428 174 137 731 743 802 714 609 790 240 795 983 710 477 373 616 233 237 632 678 775 162 271 218 133 441 594 141 146 699 955 970 450 666 801 724 931 846 675 616 891 736 136 820 974 310 244 818 322 991 774 909 868 826 635 656 191 344 411 614 619 783 445 218 396 264 415 501 499 187 187 674 213 612 314 502 214 838 765 221 699 809 318 505 867 114 839 660 346 350 550 722 643 315 120 833 818 446 334 353 613 707 838 243 351 643 111 739 136 952 476 452 764 605 858 501 641 994 241 760 188 440 865 584 588 247 308 615 227 306 158 567 387 657
482 441 262 441 198 623 442 429 725 893 580 745 393 569 563 223 412 864 836 936 552 344 309 734 131 808 464 181 153 494 285 281 709 708 477 289 816 698 350 662 785 428 609 0 834 285 140 677 230 462 271 997 630 568 445 756 750 801 513 877 343 396 626 859 773 998 405 508 278 153 963 331 592 307 613 558 289 684 656 228 414 296 570 538 248 809 636 665 188 715 157 490 544 252 950 958 535 265 132 836 794 627 419 397 541 803 202 273 398 460 347 858 730 305 468 380 792 463 209 430 444 121 209 979 989 687 163 845 884 556 854 242 927 427 902 859 674 569 803 727 458 835 807 845 584 520 820 673 795 619 332 163 986 270 562 630 319 747 478 181 452 646 477 234 832 513 523 563 571 617 462 533 368 780 302 525 284 730 987 495 327 651 962 502 478 964 382 540 994 358 690 656 601 731 626 673 999 592 153 954
566 766 853 671 972 390 209 399 444 390 289 190 591 199 954 107 478 863 461 924 666 331 771 721 973 179 499 793 327 465 234 596 638 437 354 399 724 862 769 237 875 631 739 834 0 423 334 594 301 411 461 304 718 165 389 830 170 684 320 419 368 704 117 597 568 472 233 192 202 451 744 223 993 369 325 422 539 788 959 354 626 931 481 424 600 487 657 963 109 694 350 613 401 442 727 804 217 122 828 718 429 388 814 173 797 229 768 450 248 768 410 535 935 746 785 656 936 403 452 276 918 338 592 868 229 952 189 305 258 331 252 693 606 775 421 437 368 229 664 688 165 963 849 621 597 119 840 119 553 936 596 997 883 876 514 559 118 505 847 264 272 934 247 919 361 635 230 157 547 136 920 352 935 592 355 748 400 527 924 216 528 973 520 1000 273 811 561 218 917 290 469 198 948 889 221 207 140 682 189 753
330 730 737 579 597 148 105 923 347 549 797 915 539 839 201 274 405 578 882 451 149 618 562 297 398 648 567 430 117 447 429 288 430 220 421 366 401 490 661 392 412 258 814 285 423 0 696 378 858 766 881 290 635 523 786 333 905 765 877 656 570 840 838 834 897 284 928 800 283 512 179 810 509 122 606 517 744 242 865 718 930 421 402 297 541 776 249 384 349 958 413 212 763 950 364 645 350 487 344 994 561 692 567 776 845 433 559 757 585 225 134 893 918 620 289 205 714 372 848 620 583 471 174 531 199 822 184 158 260 886 397 268 719 331 602 475 236 214 851 259 256 587 454 823 844 352 516 519 709 807 779 638 255 233 658 266 427 588 972 483 721 170 569 398 566 105 313 539 300 683 855 919 772 664 980 149 971 545 169 512 748 360 151 798 681 561 790 857 824 118 238 151 632 168 345 322 610 309 627 169
650 467 224 854 652 509 180 325 886 280 141 302 875 464 462 714 221 967 485 383 327 540 127 954 968 861 823 822 620 220 877 504 990 836 175 402 484 336 876 195 143 225 124 140 334 696 0 762 888 449 468 151 904 532 501 265 333 457 257 913 437 166 330 662 738 683 195 532 766 483 390 894 133 224 245 899 643 868 399 774 414 688 494 314 494 561 435 619 950 395 473 619 579 639 750 674 828 564 313 394 987 263 905 245 570 905 716 435 866 358 501 624 136 196 765 460 448 891 222 950 309 169 139 301 885 448 347 685 498 241 547 673 400 960 358 388 784 193 656 603 275 457 201 550 103 259 815 407 152 356 243 184 829 386 925 895 397 484 495 168 129 291 351 383 656 748 711 764 580 912 110 221 979 466 623 600 592 633 790 193 208 928 973 990 465 377 617 379 886 692 665 406 160 161 633 791 957 225 566 389
450 227 300 299 246 132 465 344 913 251 370 613 286 203 903 708 279 838 784 839 921 554 912 478 854 413 468 887 412 149 980 987 582 591 646 535 377 348 738 904 721 282 206 677 594 378 762 0 169 278 284 394 869 844 518 533 184 401 699 928 183 416 247 796 138 232 394 874 906 335 297 285 637 933 649 787 194 210 790 121 822 841 594 661 164 393 265 446 691 449 532 652 806 382 976 432 924 719 824 711 361 307 601 829 234 886 813 626 662 601 649 843 333 194 564 564 607 453 431 328 582 757 169 494 959 638 912 640 885 191 634 441 253 816 708 454 965 775 230 814 478 764 710 852 981 664 561 559 299 682 842 441 391 538 379 312 942 638 355 467 448 821 375 857 148 365 723 910 864 614 312 543 824 576 489 395 887 283 970 707 623 292 783 763 673 663 983 939 119 668 986 951 671 394 982 776 454 546 617 537
690 686 444 933 853 572 531 716 135 337 132 955 228 175 890 196 350 370 165 672 377 307 998 447 404 465 877 442 809 838 251 173 850 767 818 855 725 173 644 549 386 936 329 230 301 858 888 169 0 420 437 301 296 741 280 926 820 635 606 276 486 764 147 116 403 471 139 555 705 444 961 255 680 719 558 706 218 673 831 843 131 540 572 701 882 739 816 299 183 159 372 577 852 871 283 340 509 965 993 857 110 514 816 812 410 657 709 468 706 652 440 946 760 103 690 128 242 122 138 588 214 446 305 601 420 900 586 350 828 512 414 572 443 392 295 429 977 424 589 513 201 571 281 576 416 878 815 123 805 485 514 450 351 748 634 544 273 193 402 776 432 354 489 289 120 363 611 504 210 262 195 918 599 493 911 217 119 886 940 640 450 262 684 843 952 551 299 785 693 802 397 849 645 869 948 246 253 602 587 460
685 339 737 355 882 894 970 824 469 165 297 302 370 689 357 831 890 284 456 781 728 717 559 706 557 468 571 900 392 836 625 974 190 360 581 583 618 860 100 766 313 671 828 462 411 766 449 278 420 0 682 338 795 179 432 993 873 262 873 907 564 358 182 620 814 204 136 604 381 864 640 421 181 255 654 276 408 527 400 795 498 189 189 734 315 364 625 113 424 109 764 812 996 236 319 594 773 627 954 394 800 790 654 456 347 163 285 899 800 196 799 387 140 636 461 829 685 579 764 389 157 304 652 330 915 520 698 404 363 938 917 333 335 314 737 503 865 575 905 596 245 990 820 784 136 297 437 735 701 671 850 820 881 306 599 185 492 482 298 460 138 811 145 356 206 640 390 730 640 698 954 415 396 522 565 186 539 880 304 281 957 518 467 374 148 799 901 142 441 134 126 465 474 392 289 646 714 484 956 813
